Mode_0,Mode_1,Mode_2,Mode_3,Mode_4,Mode_5,Mode_6,Mode_7,Mode_8,Mode_9,Mode_10
1.0,1.0,1.0,1.0,1.0,1.0,1.0,1.0,1.0,1.0,1.0
0.7810840543671648,0.7389608030769622,0.8764152559229679,0.8232848256842712,0.4643389095120153,0.4391480883349627,0.496237345878303,0.6262005933852598,0.4539576748230506,0.3835856286944966,0.332405008899906
0.7385151361206019,0.7132025995599671,0.8599135043573143,0.787396005520817,0.587468899742987,0.4853587582813364,0.4895857305667505,0.6037522754787761,0.5043227372265427,0.341179613863207,0.3688125199698201
0.7830132668471613,0.7405896396422255,0.8906995779658732,0.7877579259811277,0.5724121455437163,0.4543928923427638,0.4878260304627687,0.6016258277058771,0.4909999918060549,0.3657647507373676,0.2516021101639988
0.7203225477365921,0.7200853281969632,0.859277527832713,0.7796173569738605,0.5629765938723582,0.5005538925140463,0.4975622265282025,0.6073448861034655,0.4727913075779912,0.3696275619345701,0.3486725233737779
0.6966490543296667,0.7093065339401123,0.8495986332040072,0.7623120236738569,0.5054794340713724,0.3946013628061725,0.5520220961283583,0.6200346585292715,0.5349163771823525,0.3635572460408845,0.3057612546086192
0.6905809698482103,0.6759780733561518,0.8535248254870914,0.7028460968098906,0.5063167331132103,0.3795719119048983,0.5122416387432269,0.5878831053036921,0.5090088834332588,0.4110983742424431,0.3799133071989421
0.6817407188895532,0.6817367589396035,0.8674539913951174,0.7279708024198648,0.4783441895441679,0.4186845838134517,0.5335029247394432,0.5916016499333407,0.5241975319085603,0.3622625993382807,0.3590625735743485
0.7075366786793366,0.6715111293671382,0.8546666056420957,0.7483102136317616,0.4739066226580508,0.381642078979471,0.5132381306532735,0.5866431544882856,0.5197528358145033,0.4478690566074397,0.2516846018625635
0.6878043798754915,0.6832806087979053,0.8311610145180793,0.724232145531581,0.457226738197443,0.3707195003064117,0.5397617610550363,0.5992333777698904,0.4528268762196772,0.364990518518142,0.2433676104682768
0.6605680356409407,0.6676591449612519,0.8168289717230424,0.7035351181945536,0.4508850978192701,0.367442440237022,0.5152014735023717,0.5976725575682468,0.5387856181035098,0.4153629713815294,0.3434931946058118
0.736992832858912,0.5864388282709188,0.8530464559207711,0.7198664952953157,0.455708240573714,0.3756061167438103,0.508728824529259,0.6001284837576917,0.481874737253776,0.4412153352637975,0.3019190850325159
0.7286628228590089,0.5980701353411211,0.8426460476114772,0.7121596726974855,0.4636298412057619,0.3777704893447465,0.5207240675497055,0.5887866950552555,0.5080447718324804,0.4410783716973086,0.2964938246619264
0.7747729952353983,0.630361911590072,0.861716856181151,0.7434834356659776,0.4289049256559544,0.4232740973173651,0.5307657652516032,0.5951910300095475,0.5272644506523341,0.4374783474991564,0.2422757006656187
0.7854215383068168,0.5983799471108314,0.873372188278192,0.7497118863195422,0.4370027623435881,0.4042715614764808,0.4916797582509582,0.580331274709755,0.3794170130652792,0.3492135160095403,0.2514470773119347
0.760374808231464,0.6180390681763961,0.8648566950299801,0.6852144382399614,0.4656150154852917,0.3328733159442883,0.505614917862858,0.5654080765503171,0.3875307273834052,0.3261542166171934,0.3073408518637314
0.7575416787600148,0.6241454759167387,0.8649651957186069,0.7034804141937601,0.4592118532866551,0.3521391357714271,0.5174841290187,0.5708421956712028,0.3720558106055128,0.2852507013787195,0.3223075857907014
0.7263840863569494,0.6440461463818579,0.8557661672842346,0.7102561913472085,0.460041139093463,0.4236849493560202,0.5427868870697352,0.5639701903266572,0.4472887439146008,0.3574822588610205,0.3279682312706254
0.6798103863302293,0.6393424512891708,0.8406835746501925,0.7034727175583777,0.4631135890053154,0.4529950052102957,0.5244714157393194,0.5777345054242984,0.4718738683415409,0.4076996874419354,0.3233838832249441
0.6602743417435151,0.6226683605481519,0.8220253868529203,0.6906140140185847,0.467169263470775,0.3867431488017339,0.5528293649887512,0.5769731398585799,0.509493982411788,0.4083044911476444,0.3367954359837291
0.6266965849251837,0.6199105127715496,0.812016788595845,0.6721489537942309,0.4112612713465807,0.3122604723951264,0.4997770953916146,0.5989643601282544,0.5357280503375046,0.4163624930211748,0.27765623068198
0.627908977754933,0.6217871642219646,0.8122867473408123,0.6714670433469518,0.445969060577623,0.3629231091779796,0.521280597546415,0.6169628842042931,0.5004006201080993,0.4446867892703182,0.2834708902591342
0.6990358077823093,0.6298642091392372,0.8469417677417097,0.7050142686764564,0.4234390384497129,0.4313856415818469,0.5478866604673729,0.5893799466926435,0.5204073486682057,0.4430013044982547,0.3157565573892638
0.7196645421606016,0.552685265984252,0.8507950277208507,0.719445180781862,0.4783563879367946,0.3612146249584815,0.5365131394040484,0.5798630468172581,0.5336652978667471,0.4264101184590914,0.2773556453645842
0.7095111935314298,0.6033317185496552,0.8408010066906357,0.6756707182555224,0.483636890614781,0.4341862364213622,0.5469580599353516,0.5916244332933565,0.5250728262785398,0.4227755765532152,0.2979924231637662
0.7128834947650655,0.6103148644779295,0.8355351205465397,0.661132121938934,0.4464945865356876,0.4628122108976906,0.5632384480977763,0.583790308943118,0.5403905177527808,0.4295137569433016,0.2797381390533948
0.7280294924675934,0.613470710012702,0.8471060868823395,0.6743921227916736,0.4482629334849773,0.4848623975476044,0.5515793440940825,0.6019261767600154,0.5050592512386597,0.4315255012281646,0.292140668463536
0.7398672134112594,0.5918055015494221,0.8576628988364066,0.6894559417121852,0.4261047911313714,0.4808534606781809,0.5650524479140717,0.6036078201115399,0.5131423985234452,0.3897786626249967,0.310124308577846
0.7384683847572149,0.550950189363299,0.8430655456429842,0.687175861253541,0.4374505359812273,0.4673670906788768,0.5177705587347153,0.6028051476282329,0.5417318882183032,0.4008984004706866,0.2149619342069858
0.7169953507249419,0.5494386017917087,0.83224280281696,0.6988086622694516,0.4426581837045069,0.4916416200232195,0.5231519141176418,0.6037095484957483,0.5063177860877911,0.4251726828341251,0.2261688348908555
0.6927196004795022,0.5891828474424796,0.8239220072735219,0.6822709617111433,0.4448464934567319,0.5023613134571799,0.5397940419897335,0.5867579264733012,0.5364217540653577,0.447458450759849,0.2447908823554013
0.6858282180656199,0.5773164145267053,0.8288614394242357,0.6913862862977752,0.4459306737098126,0.5075185977237678,0.5590317010136573,0.5485444889276455,0.4725728422584051,0.3790056234696953,0.2702509373681649
0.6412111916855584,0.609913671938334,0.8035531573695119,0.6609158789609182,0.3926170770366474,0.4883756734399396,0.5308170516560778,0.5654659232128065,0.4828629255682781,0.3883202202206516,0.2596201608543642
0.6670284962293573,0.606601190407969,0.818622930517537,0.6604705704711284,0.4202662085463958,0.4582785511137143,0.5359985710097951,0.5825986315630995,0.4878240645340461,0.4186395372915228,0.2895160455394377
0.7223147962331962,0.5819992100967472,0.8526966331296247,0.6945807484526532,0.4558781775013291,0.478299806034696,0.5080948046436777,0.587858147476762,0.5066130088361888,0.425945214942221,0.2901482673591846
0.7369838057703558,0.6213234552082844,0.8394551382629238,0.7021120806093146,0.4569552173693871,0.4967890325566325,0.5149859476036998,0.6007937683865057,0.5182423877017142,0.4074803936202583,0.2845835204055896
0.7044380940193999,0.6144001481322415,0.8239155731696107,0.6857675689658884,0.4693279901137551,0.5062577361279328,0.5382184518200617,0.5697693245884635,0.498283784046737,0.4293720505824453,0.3071777784557158
0.7049258680503026,0.6256588832179428,0.8288162452043195,0.6526296281494396,0.4461598249095732,0.4580167068512863,0.5527646228922842,0.5950743535881804,0.5032983370676871,0.453945999957569,0.332330943703714
0.6892995795525527,0.6124972869572592,0.8217152862493852,0.6644686974729035,0.3923583617424823,0.4702304157478882,0.5643266649647992,0.6037536824402363,0.5073039652863056,0.4712264288392784,0.3170560695683765
0.6711293351341302,0.5540223863186183,0.8251905166877114,0.6499807407057479,0.4046662691687859,0.4786046248550533,0.5427670888566882,0.583188960739295,0.5311397802262388,0.4747657134249858,0.341213543707401
0.6747723510156789,0.5912745159075401,0.798342019829535,0.6695470843716387,0.4340682915239438,0.4891265539025706,0.5370105488446936,0.587831889437467,0.5229503579545766,0.4286966766401386,0.3232080554977729
0.6666983113620201,0.5648268455190688,0.8134222527579311,0.6682306912291232,0.3746432046734607,0.477814481610873,0.5489453289016626,0.5734645930429303,0.5333984060767218,0.4293461248703059,0.2674535336269018
0.6522846462016538,0.551516345016698,0.8025432918151416,0.6454201019832614,0.4112724051504944,0.4894940372465176,0.5484411548683793,0.5829291628518373,0.5012748896536529,0.4429591353558761,0.2950368655821132
0.7349639978360396,0.5865549065162676,0.8489318156314893,0.6913061598877699,0.4294674775751245,0.4966982138869562,0.553966724272651,0.5930367227260224,0.5105443511156232,0.45128196676896,0.2990976243725097
0.757912412986168,0.6034879911232813,0.8628756237874253,0.705223784957361,0.4505407014462336,0.4929798115030899,0.5348723977618518,0.5368963728009244,0.452196501695877,0.456409705302398,0.3107549879702014
0.7670551837423889,0.5950758077446717,0.8674788888129659,0.7085229666240007,0.449049298190688,0.4611653692550337,0.5421853904951279,0.5633949988176077,0.4939213595273547,0.4561250934555879,0.3191417533986866
0.7268056083163795,0.5803579297964855,0.8497151691273503,0.7119981041181636,0.4529769164192566,0.4876116499654631,0.5373525375515039,0.5525885060054377,0.5271729484333123,0.4589774773025071,0.2960347777586832
0.7252247978927342,0.5415545316126942,0.8498170232168248,0.6786113647930321,0.4436827803289485,0.5106428173533315,0.5505990397747854,0.5561651153893594,0.522044462430164,0.415843185879515,0.299062206155949
0.7468813623791666,0.5721933522352352,0.8551378349003097,0.690382441528145,0.4673017146292233,0.4752857628427874,0.5583635061134303,0.5653944860428038,0.5249158889964289,0.4230471710159757,0.3053107562057139
0.720123175736789,0.5843291215054025,0.8470123937089845,0.7021498680145297,0.4159887959552294,0.4858781288007192,0.576591205284021,0.5496944019742668,0.5045152963821975,0.4463274445120508,0.3149326453186254
0.7243839499319338,0.5766870025186938,0.8542703565339191,0.7098476224365906,0.4337146560556242,0.4689622553063305,0.5797955848495548,0.565774591088747,0.5096254617517599,0.4787900888420354,0.3056690273787646
0.6933119459347528,0.5492785249982756,0.8344325628363695,0.6840429320395798,0.4538873168160713,0.4902383589902827,0.5570367542145945,0.5875784781331825,0.4894686001075735,0.4398711644322812,0.2918155518224901
0.7073684063663139,0.5620814663595453,0.8346602280264155,0.6855458653989233,0.4402913372523277,0.4408884570314286,0.5328952689344542,0.5952478144540652,0.491596392272731,0.4437687555379352,0.2539631421011246
0.7115136366767116,0.5699102206130514,0.8429751804546094,0.6951087446476898,0.458555054304508,0.4598005128452033,0.5321118951806701,0.5794367874608154,0.5014127044330672,0.4691520023444958,0.2676912398826923
0.7116952635430536,0.5715991461137576,0.8230605372401181,0.7016519592040296,0.4660776132742346,0.4888352275071188,0.5468861184372005,0.5908701697839017,0.5105418783182923,0.4473922506163418,0.2932975363655308
0.6810151938718831,0.5493406012788572,0.8316488659765573,0.6835510958686692,0.4632623240217897,0.4437655463044531,0.542236882038583,0.5590474131204437,0.5212084945255515,0.466297600819276,0.2605451845404247
0.6359903275718656,0.4977377303374455,0.7670536205121768,0.6718230245704094,0.3999096263170517,0.4757832524090521,0.5557772892931189,0.5698764801302671,0.5264453447422703,0.4323688427822575,0.2878990150349935
0.6937726086180507,0.5529247837805591,0.8104300474020831,0.6898667164146497,0.4211782197082038,0.477300253865497,0.5132657267029953,0.5777981253236265,0.5399445735538996,0.4455541540908112,0.2636410826052185
0.6815795176707902,0.570233518784147,0.8127724587650789,0.6922394738255835,0.4226687182341644,0.4239010765601892,0.5444539328046547,0.582471782871841,0.535723983709387,0.4261091946105684,0.2650684751247403
0.6654846809215264,0.5790537933666509,0.8200413193289848,0.684841541527184,0.4424016098442286,0.4498311249633594,0.5408236488717305,0.5864974836013653,0.5306075720358209,0.4346611866179936,0.3077284838090676
0.6549314080329842,0.570475256171825,0.8220777066345836,0.6851889256016634,0.3769116370687458,0.4691718844114012,0.5581333409504623,0.5598602696638574,0.5096404351009055,0.4397767439575739,0.3061639646387132
0.6555003524043543,0.5487856240693505,0.8120891476192444,0.6739509051957487,0.4151115543836,0.4640257278480257,0.5540845037023956,0.5733169513003427,0.4837067018700476,0.4268051540766077,0.315322408808449
0.6329248019574414,0.5587703509210462,0.7803906277175506,0.649232128014246,0.4287063786426386,0.4826565566475625,0.5470766740610071,0.5918443022486697,0.4844999247957842,0.4410807197128559,0.2533837270215574
0.6112921402443245,0.5651316458463442,0.7762102589859221,0.6647520310878672,0.3994687715581176,0.506051531496196,0.5170079478228043,0.5744919465277999,0.5109983446759387,0.4070113581997036,0.2552556251265954
0.6014481532730969,0.5412160748215324,0.7790697223018878,0.6354859352201736,0.4165965611403609,0.4546678833291968,0.5501034744319748,0.5423126964802676,0.5060531702259611,0.4193199895562259,0.2944802465249111
0.6594314864337618,0.5753816685216911,0.8167985921404513,0.6673166436705786,0.4436228701108248,0.4737695931326376,0.5499595317287096,0.5615722630997246,0.3987522497529286,0.3233655038920548,0.3055195966150804
0.6703615304132436,0.5902264547304705,0.8139537992713312,0.6707945805568425,0.4120228887697518,0.4655721010267637,0.5091391572004361,0.5892595102724671,0.451982743862605,0.3659342121564458,0.3214919541371444
0.6704400081146789,0.576784458746792,0.815968559455831,0.6736684236106529,0.4234248774121499,0.4696417707384108,0.5226144328833844,0.5764315393885989,0.4772167372581334,0.3973460116348682,0.2596351785691684
0.6933272692894592,0.5950093716958574,0.8351273545209786,0.6872186535205793,0.4353890528979699,0.4656897504950991,0.5379111906764829,0.5885416076546335,0.4980515527508634,0.4107139248129683,0.3097902972256569
0.6938856063091661,0.5986723851378484,0.8328949254657172,0.6812107907508408,0.3879036747238379,0.4396223178961154,0.5216514058555458,0.5685166466591581,0.5004249323015478,0.4692143978851014,0.2882170802390353
0.6624183666071919,0.571091429802418,0.8042081993879068,0.6915351263806255,0.4319200388715483,0.4665883839026293,0.551575084166825,0.5751902565522548,0.485768552556617,0.4754703757788246,0.3243247013098332
0.6682442548977967,0.5766245211191786,0.8097011176936766,0.6846998627911107,0.463876390486617,0.4722386909771862,0.5117291939803074,0.5607480502579415,0.3908793697831524,0.3072961322921749,0.3256290628246739
0.655383601715351,0.5713871440585707,0.7872213088118918,0.68414577091209,0.4188743748480854,0.4746506347091646,0.5306554925739093,0.5959910503573819,0.4363611413749558,0.3870164835362666,0.3106884714736651
0.6081475169275199,0.5612656266093922,0.7688020058592571,0.6711898909901259,0.4159098266207034,0.45516635027508,0.545599462206791,0.5835607399526834,0.4821980038304657,0.3866714952774372,0.2801459234648565
0.591038759152097,0.5253938056800586,0.7609001422213268,0.6241506518243295,0.4365330206443223,0.4447076002268773,0.5296708598860707,0.5413761568830738,0.4362445262730271,0.3454446581648508,0.2883969321747899
0.6583349607823927,0.554786211416709,0.8070055693017872,0.6509243104971103,0.4603126901264438,0.4490743417131901,0.557261111291592,0.5364905942377619,0.4387248036326111,0.3194504447552385,0.2891618521078106
0.7075042270715171,0.5727153088682337,0.8266879007923105,0.6864567308507035,0.4552610333888457,0.456023852310855,0.573004194437243,0.5511003324601327,0.4857823907499749,0.3593101097161834,0.3138234609009908
0.7006727685774333,0.5617123429501566,0.8286259500833233,0.6885988484176031,0.4610081046799898,0.46913889510779,0.5437259872315787,0.5722254455044529,0.5108356180017801,0.4139511053037088,0.2440740682422988
0.7051889833369027,0.5674108596617097,0.8164832348889801,0.6979306853797544,0.4355551383001284,0.476236672388779,0.5520951810172299,0.5727548438178478,0.4939335778682261,0.385788933664924,0.2107808487620306
0.7016931352912897,0.5394869703315794,0.8229255529852142,0.7010390418684098,0.4384086045650668,0.4709636310734151,0.5471949576889296,0.5923992021509203,0.4887696609177573,0.4028416121716009,0.2641693290860962
0.6949338705320729,0.5586677954177321,0.8322695584629873,0.6670024639605874,0.3818695590837062,0.4782568198241108,0.570629479860401,0.5448121466838547,0.5123344455598174,0.4238101109459517,0.321565527770425
0.7024726248845583,0.5662839608563628,0.8342639844413923,0.6811096170624261,0.3951285450656511,0.4712487638898582,0.5439167543203233,0.5858887967019231,0.4974925050327118,0.4289631175162138,0.2634844341278273
0.6768628245076822,0.5721140776602832,0.8181662067397584,0.6633867295141036,0.4180668885124537,0.4829017618807847,0.5295931683391681,0.586773819799263,0.5075377754195924,0.4343604929027518,0.2825011828858549
0.6686333573727339,0.5784392516489973,0.8115153131732716,0.6761791807200539,0.4263199758687243,0.4545981004411522,0.5372831710069432,0.59097946289065,0.5021471006038258,0.4548699711378944,0.2489123847772805
0.6505494639820921,0.5666770907978779,0.7822971919882034,0.6427281663977207,0.4334094108851031,0.4554134823608893,0.5675429537724515,0.5984814645747789,0.5098047631529768,0.4079128588198896,0.290734672922846
0.6348136073997058,0.563199364159848,0.7870140382375739,0.6457907434288304,0.4037512010847023,0.4457429924573891,0.5761013904100252,0.59672094198452,0.4998335811624397,0.4438565718729644,0.3275592555970072
0.6431341678277416,0.5275491144986924,0.7978080688768296,0.6584981712018352,0.4280399125723747,0.4577162379955289,0.5889908814454252,0.5735898576527455,0.5164040559635775,0.4552409105712446,0.3387372586858516
0.6321462801495444,0.570579078449333,0.7818024840946572,0.6686738203921392,0.3888043330757215,0.4713955186617499,0.5318097820001676,0.596548308875418,0.5269568432643689,0.4040523734348972,0.3059152621850978
0.5999988503952204,0.5620205819587565,0.7751429749775732,0.630198058156654,0.4054878277615739,0.4798464216302197,0.5429017079189948,0.5878674222616072,0.4673000199595948,0.4163763286669319,0.3212932694729754
0.575668722762169,0.6053400287873896,0.7490582256327865,0.6070858720972403,0.4467582358994365,0.4852123629748188,0.5165458315070481,0.5761712925990646,0.4486034882627623,0.4169386422524509,0.3189747827959395
0.5610919057418636,0.5353192052990156,0.762334824200217,0.6046411930546727,0.4476739992467424,0.5020691516054664,0.5399235100560205,0.5933580413754498,0.4388128501162572,0.4377040968120348,0.3109375692659388
0.5692365124759295,0.5629293781996076,0.7362002562445444,0.5856943484496222,0.4409668760631322,0.4239939732744619,0.5548478565756181,0.5804927145534271,0.4640199338475357,0.4520409197836499,0.3103625573053268
0.5647834171071526,0.579215498244144,0.7383699298527006,0.6103576806004809,0.3998904461200634,0.4268903956618418,0.5588108457746745,0.5792676211913116,0.4701091198546642,0.3980592083031138,0.31615635236634
0.5407308532056295,0.5558152984120005,0.7431421405894146,0.6100741349059591,0.4185412019334018,0.4842271205523729,0.4924077023606178,0.5805477011101637,0.4633854496310582,0.4114935486005093,0.279077397500244
0.5617459552768729,0.5577956936929143,0.7570534317857647,0.6113119999566012,0.4321313618614154,0.4631410103985242,0.5295797596444284,0.591086556238044,0.4710446136857109,0.4220419421363527,0.2950839995951093
0.5270796175776444,0.561274819375361,0.7379769810663265,0.6141197129129428,0.434271778210314,0.4751526661512663,0.5323785592275858,0.5745063842713609,0.4753909994863147,0.4147367161525326,0.3016546038749514
0.5370039865118325,0.5646909129035443,0.7438618905052532,0.6192575260510076,0.4400632839099874,0.490114094994478,0.5450931783269917,0.5778009213026167,0.4688022726160127,0.4139220185972202,0.3058612598216371
0.5391528724732378,0.5561168153277296,0.7358054389570006,0.6232012278216819,0.4353585185537592,0.4344734500186792,0.5494778649378866,0.598029176047371,0.462505025599418,0.4477025991841445,0.3195691339092062
0.5574857267306029,0.5399217446628564,0.7488894814595963,0.6304741475872677,0.3978204316196698,0.473029391380233,0.5505735039001911,0.5903293597921193,0.4843037829526829,0.4327734381349942,0.2894021879585518
0.6345468924314899,0.5605799571249721,0.7911250015045235,0.6698081903365722,0.4213475495649041,0.4928554010589931,0.5516960988386771,0.5756391622585069,0.4983441628178229,0.4377287873841834,0.2181692792606636
0.684268070701693,0.545079698683568,0.8240630251840624,0.6899930302446351,0.4525121691297299,0.444121037051938,0.542751374374828,0.589479449379761,0.5073674696901131,0.4274120685042848,0.2579555077924761
0.6969628679348712,0.5749478944249304,0.8275383900172846,0.6911111628922464,0.4058369283271571,0.4178664993539093,0.5489814267972576,0.590254807888096,0.4423744593056774,0.4147543388082528,0.267290292166044
0.645031102295689,0.5975408952102012,0.7825233773919784,0.6732731988835633,0.40481172190214,0.4446164171151997,0.5569426586120796,0.6070474362389139,0.457748895689165,0.4285380085885978,0.2614388996780961
0.6196016423336844,0.5478231056073996,0.7849393487473868,0.6448378785825095,0.3802994114480911,0.4739822078041073,0.5564475823514071,0.6182552285401566,0.4421663019030425,0.4133581584497364,0.2358114785298361
0.624758853184714,0.5737422621970887,0.7534994457574928,0.6590204854037661,0.3855064901514273,0.4680372947162535,0.5547591823733639,0.5688655682020436,0.4572959569789253,0.4259061433529654,0.2727257083948441
0.6197987187553883,0.5779465596907853,0.7609938810155853,0.6456765462089115,0.3853074872638041,0.4717331432541774,0.563595354178845,0.5851959166653886,0.4764306122523148,0.4368531710513976,0.2914193423245794
0.6192821973984151,0.5898629267197724,0.7719868291447834,0.6645797341846444,0.4004671403124976,0.4828115867569342,0.5361108521255228,0.5663770898831719,0.4616468785416051,0.4483183006366267,0.2369376633082111
0.5976887634610549,0.528768314939742,0.750708906578361,0.6553759041676919,0.4126531573004803,0.4508871922392994,0.5323151084444526,0.5913537765798722,0.4765762376294145,0.4586367092377654,0.2638126641950163
0.6169900199951521,0.5549570777892714,0.7644680549335269,0.6654724688617001,0.4208405142342637,0.4558264647081637,0.5429789957967361,0.5642643696366216,0.4801834310199832,0.4102459210207023,0.2636113392983088
0.597835945634885,0.5626494118631311,0.7652079581232172,0.6601911035132906,0.4391497990519313,0.49286981840771,0.5221856338742261,0.5806142875359268,0.4876066017619214,0.4028057038363293,0.3031601606658535
0.574937779926245,0.5490932170979274,0.7377278253314203,0.6422168135622778,0.40531046954644,0.5056618148833686,0.5319188868508624,0.5865379726095592,0.4866497921739581,0.4078363620543919,0.2824742721955046
0.5589800288850052,0.5715283682481,0.7089395123602794,0.632419923600681,0.4149944465761794,0.5016634476575701,0.5275801349177192,0.5898995945156743,0.5068640646735497,0.4376439329246544,0.2886460947318418
0.5481777712895324,0.5695431580037877,0.7156014623742731,0.6156813492959993,0.4099384592910289,0.4886714298915296,0.53998901209104,0.5852022156784743,0.5300006446706803,0.4433792234451501,0.2589275032651721
0.5915167504499481,0.5750624357445465,0.7371434270351978,0.62863549818913,0.4349750741131545,0.4988151152553929,0.542477950722368,0.5852376338974585,0.4215682902608816,0.4383293098768331,0.2714066754277698
0.5713472141296052,0.5603581807454722,0.7422418526878378,0.6375062693317135,0.4356048541877582,0.5004656950870804,0.5059602678206074,0.6003186224087907,0.4565367796096048,0.4495829392715879,0.2789484498017859
0.5615967566550867,0.5343971612808722,0.7094166722427662,0.6384213584123013,0.4138590965345516,0.4826099470208594,0.530970406215001,0.5824151075931104,0.4806542866736559,0.4059601321165419,0.2538120664164547
0.5408753176366652,0.544629950971355,0.7120058054764091,0.6365801687364089,0.4202360384540614,0.4774919027353868,0.5413450784903864,0.5802308439896212,0.4995413480393934,0.4108690217931592,0.2843221112345055
0.5438530813925075,0.5355455424503169,0.7145182246579773,0.6258542544129906,0.449135352376058,0.4879934651437415,0.572591798213573,0.5956800458847243,0.4965021262721998,0.4395946591231366,0.2317205589041785
0.5122359553281396,0.5289759105646028,0.6945428539579526,0.6170637095267307,0.436631433906609,0.4918699679829218,0.531746261084652,0.6067824909307145,0.4404902256115435,0.4269959362284921,0.2347736959201872
0.5681921722841388,0.5395977766272053,0.7166082651315897,0.6577885373446252,0.3813621785787443,0.449235710101231,0.5512627205296446,0.5168486875151413,0.4093390839879748,0.4487747027585723,0.2509271480669376
0.5351816763037203,0.499886484010729,0.6521055939766631,0.5105106369690803,0.4200455221820247,0.4272118137348105,0.5409032606383832,0.5341224952117622,0.414810597156523,0.3903552513246373,0.2407261948443946
0.4422958919103282,0.4348878358968416,0.5860482958714077,0.4651635221336782,0.4224678014220573,0.4189482420890267,0.5187089144034861,0.5139144359108494,0.4254859177623089,0.4031035179499067,0.2397491244942096
0.4419290331206189,0.4123397786491546,0.5596907669080103,0.468381036735518,0.4532378941916643,0.4410461037263632,0.4942089186118674,0.5331834183735049,0.4187729455552502,0.4150701696318337,0.2589188782733512
0.4493046522803202,0.4313087709529494,0.5761621963331282,0.4599782297256002,0.4477508721322576,0.4308482394905985,0.4926609811489185,0.5317161357146246,0.4204272016497399,0.3913139085608075,0.258855102301777
0.4330439000686126,0.4360318885401314,0.5739522654991581,0.4781091184730774,0.4667255891144954,0.4413139584112965,0.4949466818992641,0.5226056634882725,0.4208933623369895,0.4056956844602879,0.2241711177548731
0.4562991034165558,0.4351601453321175,0.5806043866607835,0.4913652119693248,0.472365303664767,0.4303530037214164,0.5103605339622422,0.5499099754242381,0.432174575520619,0.3981974400776192,0.230139479153195
0.4295701352444248,0.3932548410206772,0.5695092228340998,0.4974900453371252,0.4651721051325277,0.2489759825537085,0.5396299413208652,0.4895682833103943,0.4483283308002841,0.2922843205026253,0.2336034999898047
0.4392689368638477,0.4071369750254092,0.582987429195904,0.4603919833364716,0.4524998714308801,0.3653094409698042,0.515551062274115,0.5065638404097328,0.450111313530943,0.3753660136910839,0.2070493682486151
0.4641359678995377,0.4014272397914021,0.583073067392943,0.4861848066817422,0.4448896359658266,0.4306395183902117,0.515954555237839,0.5336949686585912,0.4702146542455585,0.3908769392181911,0.24029783061886
0.4728771697017129,0.3867798120679874,0.5835763739034676,0.503796877447752,0.4226578780110129,0.4517990882581588,0.4915014025779166,0.5441808502910588,0.4809499687757642,0.396149242631819,0.2525868675458934
0.4260206940587823,0.4050335220079857,0.571268610026592,0.5141041306056022,0.4368492172158512,0.2089783673702383,0.5027762053255574,0.5337915382546099,0.4736101964392089,0.2840554892664929,0.1983034989831929
0.4538424407661079,0.3750418233255405,0.5705375139809439,0.515610612089341,0.4567293774527059,0.2414699416632367,0.5115725243678969,0.5108110862247077,0.4938032285620375,0.2994881200272516,0.224587991378241
0.4579307277998505,0.3780640133280777,0.5558934889195142,0.4926517181041162,0.4478440886569459,0.3112742148730624,0.488324602324801,0.5079167513395781,0.5063105004376358,0.2757083375872672,0.2304511660963767
0.459563272540758,0.399377970456291,0.5733983103046622,0.5055998934108848,0.4645323431597408,0.3045378821505385,0.5130261167454603,0.518248076050882,0.471963171004342,0.255365207524665,0.1825319812958796
0.4683140044535535,0.3628390605808229,0.5793004874440839,0.4940014574736536,0.42855780346884,0.284300741613892,0.5071420838533928,0.5003731688785407,0.4812638785828559,0.2656576528631329,0.2408174505180836
0.4678474390745363,0.3614648779207612,0.5507362695711757,0.500878840381353,0.452351120443023,0.3018580565682849,0.5433617275878284,0.5167201878806719,0.4976442211164269,0.2653732987895626,0.2823933893860825
0.462950278564238,0.3455107357189434,0.5736730902883865,0.4755653679106506,0.4660425752921757,0.3671837540857003,0.5051365123565286,0.5266594850437576,0.4413395952920526,0.3306931440351766,0.2753451495473866
0.4569956165569745,0.3803405943024732,0.5797212764425541,0.4920631922348433,0.4326170535008722,0.4016399404753327,0.5236729239500417,0.5433609645178198,0.4439345217773308,0.3646882785832269,0.2759117746432138
0.47287956279131,0.3421887079266997,0.5716075950717944,0.5197911942928028,0.4551328769293017,0.4418151550551625,0.4838653453778119,0.5292099311543395,0.4767808546630635,0.2741248323469856,0.2302094063565841
0.4378775425464021,0.3321678507536313,0.5265465429380769,0.4996343843838412,0.4322365707691601,0.3446950325285901,0.5089346193962558,0.5424229659987252,0.5038783532481939,0.2753944242061363,0.1984047914458668
0.438208846848542,0.337370787415863,0.5291070676778137,0.5173574611737444,0.4380305405841463,0.3202097502678628,0.5307895097903377,0.531186353323822,0.5074733527399832,0.2839714213433183,0.2004491842308208
0.4595283478191557,0.3443715512344882,0.5355620462830541,0.5206990696778071,0.4683239929601216,0.3905894638787532,0.5506230867584588,0.5806742611769298,0.4699454146041832,0.3298974057081434,0.2051785175984535
0.4404727644895959,0.3470335638289415,0.5220140588521993,0.491544190800648,0.451745250814509,0.4582481503143876,0.5345657688424175,0.593600201750023,0.4727144561619372,0.4120106948787362,0.2616566905898915
0.4543005724750213,0.3542222069275366,0.5363349376822482,0.5306324513341094,0.4406462237708991,0.2912436985028541,0.5740540449297022,0.593703189972475,0.4900219172848107,0.3678134866004308,0.2643372701574381
0.4648025409634776,0.3556668734007439,0.5460759743062482,0.5501275772418006,0.4671515103138117,0.4079378141758019,0.559614844271221,0.5344980798006937,0.4687688244542514,0.4049764642145085,0.2403383678097748
0.4075985511712751,0.3241028611627481,0.5059283248270431,0.5929390993229575,0.452449700433406,0.4277735995857091,0.4898436220527229,0.5122155385329086,0.3808433246645746,0.4177824097371317,0.2471340532374133
0.3864174662503755,0.2894407005314209,0.4799796802402369,0.5986436623830966,0.4668646502895758,0.3869389660255021,0.5021500467269953,0.4850084942887857,0.3999272667479042,0.399185577494354,0.2497969829910339
0.3826878968908392,0.3052454130245152,0.4876080730927388,0.6319425421670029,0.5112326706375989,0.333343055965701,0.4802085385792793,0.4947565595089384,0.4277535087396481,0.233116603261195,0.2391666659630647
0.3853037193540504,0.3057108578067403,0.487446575880848,0.6444082467879215,0.4987508310926535,0.4022565454530937,0.5165702780401581,0.4810153692383866,0.406246779166392,0.3248917975733183,0.2422196285911541
0.3880677718879374,0.3109686338156792,0.5114612025047541,0.663139488606395,0.5029300176368603,0.4091184594890988,0.5149370495930168,0.4995442538316157,0.4101556001901786,0.3587079163773165,0.2657958831189432
0.3946117174078289,0.3133501244402925,0.5142645389446036,0.6544548032334369,0.4601997584797346,0.4402221946935437,0.5231892242101419,0.4864477012412809,0.3846284981464975,0.3420316858243212,0.2467692403041037
0.3769592892590798,0.2984840694645234,0.5003946445930919,0.6522961984388376,0.4229386245206993,0.4604037336361306,0.4996259457384935,0.48712226646051,0.3927201136482238,0.3695336487101386,0.2489727302985842
0.3773482679769463,0.3078707245669405,0.5055707575589288,0.6327030497714888,0.4420024978731411,0.3582645914100409,0.5140847369246444,0.4992181090453023,0.4140950168981335,0.1982632072064799,0.2144090586613659
0.361767922714385,0.3089479137445088,0.5010930401097532,0.6119539406162385,0.4463749456280289,0.4157890726676951,0.4761803780351022,0.529318446569504,0.4415781981273646,0.2030463912791665,0.2199458610811406
0.3774413107726427,0.31507083471895,0.5191365302091716,0.6581832584283915,0.4556142046788803,0.4430179758629154,0.4874670546140263,0.4984574598135461,0.4050940589861099,0.3202926802621104,0.2246441256280917
0.3860039234239056,0.3041227190619435,0.4985634633604677,0.6665958019678648,0.4711451978270551,0.4246639799839796,0.502732279790219,0.4772994714974948,0.393513453475984,0.3491854825752021,0.253038784627249
0.3843733340143926,0.3038662913269078,0.4718369185337452,0.6276372718144653,0.4775802813342415,0.446051418024042,0.4875561435718035,0.5102880921411073,0.4127184148071118,0.2294745878894056,0.2269992954997125
0.3841805604894109,0.2820304806741436,0.4810888635095085,0.642236385373124,0.4447446231429041,0.4734584029743765,0.4649710694950074,0.5062628816355143,0.388473427163589,0.2992729860911097,0.2324724125166435
0.3697192799065479,0.298468152384624,0.4792547791053288,0.636592868000451,0.3977653876762241,0.4259082545291163,0.5009839888028236,0.5067185804134069,0.3744150990901324,0.3312014853429236,0.2223865006139735
0.3720167548345324,0.3009649291649362,0.481371381152991,0.6237121805405099,0.401772007138182,0.4515570610284253,0.4626066582358615,0.5129691986888443,0.4095134442802033,0.2185414587465182,0.2433578370391604
0.3739115144857742,0.2947972474461727,0.4872086111357449,0.6048906527873561,0.4499661090153071,0.4750905185414717,0.4923022897530402,0.458211112801104,0.3916346470084418,0.2247497628214792,0.2499670771311378
0.3537323370993806,0.2855031464291698,0.4875766148381608,0.609831367202885,0.4699899547833269,0.4055539339117352,0.4736745488175816,0.4599736106144283,0.3630461698402787,0.3155985258049535,0.2408274297481742
0.3542257274746468,0.2998793831935387,0.4712995987898369,0.6117592525006178,0.4702987249168379,0.3550801557077893,0.4560134309277386,0.4767860031518665,0.3721055666572976,0.3331007964301823,0.2673952989093943
0.3429873829090952,0.2865470566525097,0.4689560630036525,0.6017294237766252,0.4523730190202659,0.355211158811542,0.4783211084627439,0.4750446720898127,0.4088740657560947,0.2630550925422905,0.2849926329800372
0.3381334513555589,0.247066512526427,0.4598516855963091,0.3523945879003802,0.4143101320948351,0.3313637579715277,0.4918390950484513,0.4952712802027107,0.4277409702823648,0.2433558943787718,0.2365825158389496
0.331362891865605,0.2252922435044238,0.4441630948263194,0.3593646377456554,0.4145067493682844,0.3586755338810991,0.4985122744394619,0.5077805586787096,0.3725254222770912,0.3369581760904588,0.2148909070372409
0.3017108896458202,0.2367956297257501,0.4419913387571141,0.3654198146310539,0.3622303175109584,0.3651183617837334,0.4918147976118696,0.4467983778188079,0.3576596622383953,0.36733738470995,0.2722988574190381
0.2970223251175757,0.2378520500626658,0.4511401629279918,0.3382750250943582,0.385649057583846,0.3594264651299867,0.5135098408954678,0.4697362347978734,0.4342735296390048,0.2528448398544172,0.2426642167694178
0.2922242286632733,0.2048782777379303,0.4432291041171168,0.3136179553526317,0.3985731469584937,0.37172588138611,0.5229488479772282,0.5165179356541982,0.4496354874256831,0.2687641677917828,0.2451408036642081
0.2974139148534769,0.2182271790249662,0.4328034214995515,0.3299130302036521,0.41250170672458,0.3785796423215794,0.4980559373081548,0.4747310037905699,0.4298591141436246,0.3419122669494716,0.2487126316281514
0.2959558934257386,0.2216134096247874,0.4491029057525987,0.3384927320930427,0.3970656199932909,0.402236902095732,0.5097611934124837,0.4949003716725759,0.4355409569189014,0.3569335293522865,0.2604656359972365
0.2798988952846342,0.1994092699983018,0.4180100239846473,0.3445635572465559,0.4122522811916198,0.3438154406472928,0.5244638330818013,0.496682280063304,0.4164158657186506,0.2605852123335535,0.2602809462628114
0.2660081101875217,0.1939351054480435,0.4041659389208618,0.3530214898974809,0.4237927752344516,0.309022243684403,0.5037339782328296,0.5065657791507167,0.4417876251034859,0.2530429382030005,0.2204797949157305
0.2671100097129186,0.2037732282685019,0.419911114049776,0.3534258363598578,0.3949551820767632,0.3604584512400625,0.4661750902412311,0.5267996243159969,0.4199400862056855,0.3254743873741541,0.2501626045715966
0.2750287825574596,0.2166126564161884,0.4281488931414332,0.3701559092061556,0.4366636901482388,0.4046895112381831,0.4888999519730736,0.5353063275976861,0.4259447234844866,0.3631686491321763,0.2087524683281991
0.3090997891049721,0.1493768801435145,0.4441177592399101,0.4347629403725853,0.4686679240223973,0.4378339986056468,0.5019642120152712,0.5061427322243381,0.4263809213937086,0.3696641927194357,0.2577038871015547
0.3286933389423285,0.1521837095470118,0.4436976128378681,0.4678479952394953,0.4934497073935371,0.4584079351205025,0.5092804941644459,0.5283467018553258,0.3983193742397544,0.3789424495404436,0.2204451942424809
0.3346713834194192,0.15504491775412,0.4392567580243368,0.4830709973572626,0.4787263468690048,0.4051506125599575,0.4342574836585061,0.4895271365289989,0.4162892892580314,0.3959374110501791,0.2381655672761477
0.3347334042038646,0.1238188495001038,0.4307403256793134,0.5031757933725847,0.5104088953269547,0.4215609671271974,0.4589398535362644,0.5219165253016304,0.4282507969943795,0.3798631852440681,0.2594932321724542
0.333559103652134,0.124115221132132,0.4405075463907918,0.5261527117065535,0.4821068943278205,0.3905775114044101,0.4687843783440875,0.489784060300706,0.347672550329177,0.3489849971594984,0.2970188488659295
0.3287619231670316,0.1276144612909363,0.4330250730255205,0.5411310344232448,0.4823372176963476,0.4178824250817082,0.4842831405085668,0.5103122437596304,0.3569329305004225,0.3372724936724328,0.2850520698501871
0.3325705224339941,0.1311127987351499,0.4300538769039611,0.544272115590515,0.4762234650430065,0.4069788054710128,0.485511114726052,0.5541027368258918,0.3725230893634641,0.2902004406661272,0.2006635321844781
0.2025322038918967,0.1654868016176826,0.4185378680465809,0.5645342600573731,0.4694998514374575,0.4143916763048323,0.4881405458735246,0.523430882298898,0.4001599104875792,0.297750370118996,0.2384060987399527
0.2062944121832932,0.1822276581662977,0.3823380767207993,0.5693171452360521,0.4215729339664365,0.4382516086564503,0.4963914630605518,0.5510721380270163,0.4149303765928624,0.2966785166088818,0.2578641365227142
0.1794764134378865,0.1914684956186517,0.3887379884880816,0.4883776433819502,0.4129093773332915,0.4530301991501267,0.5075977217872774,0.5601793949283842,0.4909353662776715,0.3638687223165744,0.2426364905745719
0.1750295148673238,0.2026344858215413,0.4082117199098294,0.4402399512000059,0.416457989800442,0.4344869959726073,0.5122077786273703,0.5434526825620534,0.500557664177435,0.4297022214980494,0.1883840094800819
0.1653209178475243,0.1786190450802382,0.3957925208310057,0.4346608377210418,0.4166958727816311,0.4446908710771227,0.5216769617700066,0.5182014106614812,0.5260684956655597,0.4290105528446615,0.1888462368239131
0.1535653196555124,0.1778782946628752,0.4078415988490185,0.4394044879768291,0.4285252070097471,0.4451436928051561,0.5256951326495722,0.5526621013223423,0.4991278764978846,0.4304517476000399,0.2010431119668072
0.1619708291835076,0.1869311533417697,0.4133473525149566,0.3788622398969755,0.4347958895116595,0.4036237081200243,0.5298200334119714,0.540442825562268,0.5017630640139068,0.420072983201732,0.2027785020387681
0.1741955007659494,0.1749190794459995,0.4266922422695642,0.2647762784373812,0.4178718581764649,0.4187630592396975,0.5121344859686844,0.5460740710217458,0.4948881962007077,0.4042604690334928,0.2040730297029799
0.1563526670236074,0.184071962010197,0.4235515602767165,0.157991965839059,0.3633741604158423,0.3449774618169828,0.4889061380523636,0.4965749075858615,0.5279842489834271,0.3308731574509942,0.2470063764700054
0.1582854626534953,0.1813306416217589,0.4143392958485841,0.1451797106910768,0.3330746961841765,0.3265071183620588,0.5014853944998874,0.5284212587553301,0.4691223549508329,0.3348085630759924,0.2310961549523204
0.1312686446143901,0.1787772403366678,0.4246362322184749,0.2007710628385849,0.3577948497495445,0.3384936886541086,0.4790094120909624,0.4917282648859127,0.4432741425413605,0.2736100308730008,0.2749759589759539
0.1397372560762267,0.1902763663799446,0.4343650551728325,0.2342645497455808,0.3655922513272885,0.3248212247796452,0.4338159645374458,0.4675333400959927,0.4514192436285191,0.2907912230785483,0.2787880879511981
0.1324811650186712,0.2002257741766272,0.4035364569272513,0.2335557599650879,0.3832042624724661,0.2751653385323727,0.4767812776188853,0.4867186276155101,0.4691314558411031,0.3021162343474831,0.2231380024878422
0.1150961956092861,0.1838302991540059,0.3870402458317794,0.263294184707899,0.3801946124635144,0.2280511318329017,0.4666342684024416,0.4568772989696347,0.4430493813114398,0.2647810405180933,0.2400888268217139
0.1130354398496766,0.1882423463132498,0.3652195214585561,0.2270939125936641,0.3839063617050446,0.2254611149882464,0.4700258914002838,0.4326448653023651,0.4218451265642634,0.2619563122260833,0.2516538424704789
0.1084016555718116,0.1950976920566683,0.3627240361811998,0.2432779138204728,0.3815623095748678,0.2444366352440832,0.4235060423714761,0.4347851203496659,0.4472881980669483,0.2135945855173504,0.2711112347469202
0.0922197249006158,0.2100549705218532,0.3116136561393124,0.2722234590301434,0.4046107403082417,0.2645435477997734,0.4433055354600731,0.4655915080462897,0.470103265831355,0.2169665810059839,0.2283018426851698
0.0890857808996475,0.2122214190539001,0.2786149781469551,0.2934353243647999,0.414030081074582,0.2596928769012227,0.4814384804644043,0.5026351814454488,0.480555508920288,0.2406733094011865,0.1892045865310309
0.0843370343409789,0.2057421008659306,0.2787078979957926,0.2922262638240657,0.4087386538298382,0.2266628922699211,0.4909921914382865,0.4603057928437393,0.353804523376436,0.2484295198278628,0.2211744102387028
0.0878541533448145,0.2146911243766316,0.2663062615943728,0.2398999567798289,0.4047330531745516,0.239882443824499,0.4958609334233955,0.4971809466109581,0.4312940605434936,0.2580452448551392,0.2274326169189666
0.0892331874158541,0.2170947900228265,0.2724466753656777,0.2069962856344385,0.3811432575906283,0.2471077898794463,0.5042767094048773,0.493140227645116,0.4545162402057783,0.2434946038880892,0.1637846138378127
0.0964326192156027,0.2231427556738862,0.2726177445928496,0.2452054966095804,0.4122583473885427,0.2894932194746075,0.4983005332869787,0.5119475804784578,0.4663400659402151,0.2600720295425397,0.1780313116027737
0.0986144874196735,0.2301071558770397,0.2572190990715657,0.2752144086921679,0.4039639030520256,0.3218373436643159,0.5028819641276041,0.5406202315861095,0.4493022128212656,0.2905283687466824,0.2001201306874852
0.1048002023938037,0.2397786018364125,0.2726686149348145,0.132240877278898,0.4423796005013195,0.3857357197968315,0.475580431719716,0.5047996255624547,0.4328652968661766,0.3009093087598402,0.221232163072082
0.1158204189657053,0.2623919214651026,0.3103842843662668,0.2139426735485963,0.3966828967181809,0.4195207165382378,0.5215633238543882,0.48425767412264,0.4007366529080814,0.2752519394447228,0.2216443942816194
0.0961380204793007,0.2696150808639527,0.3027077604357496,0.2416747884001581,0.3544822728834811,0.4125496468889857,0.5590495415772088,0.4907609037515271,0.4143876943383618,0.2718981992288956,0.2566501687877018
0.1394809248693067,0.3369677123011919,0.3259956829130562,0.2734436005488508,0.3623330482198613,0.4226548634409084,0.5715020122227049,0.4954769099911024,0.368140365029484,0.2392892251104789,0.2476726508176422
0.158291490273206,0.3457088047072931,0.3395674124176556,0.2809321843007149,0.4062075394425122,0.3116069068303708,0.5140732315457646,0.5279533792645859,0.4115890882667737,0.2660867900704259,0.242291291795965
0.1728437744694606,0.3247226370073042,0.3581337410706482,0.2160297142058045,0.4291000903698171,0.3310374620804867,0.5166354896862204,0.5220500705316207,0.4113476900457344,0.2712693505526199,0.2302173516082312
0.1759134905847857,0.3150713282708227,0.3627587744968443,0.1987749556142835,0.423675119012391,0.3940907128942543,0.5399440953524861,0.5077413448007904,0.4051260819397429,0.3098882196122535,0.2387002929015318
0.1840484093462759,0.3227712638748967,0.3517609887961446,0.2055059476874998,0.4163306412365055,0.343505245821095,0.5447108764610686,0.5270165523878572,0.4319281175880028,0.3173756005438136,0.2005903995410734
0.1796434212461325,0.2975258877031712,0.3478028560653035,0.2069422876588879,0.4074317805949041,0.3118771835144622,0.4848892315262185,0.530299181749583,0.4141986095846414,0.3142582631245229,0.1497819845121853
0.2039205590232676,0.2306793374496635,0.3645822860144759,0.2070531834083862,0.4156391602962987,0.3721121304436701,0.5041497550331424,0.4894439209232246,0.415546486656498,0.2954459405537205,0.187427195138637
0.2080484611131173,0.2135206518159633,0.3735846650020518,0.215875274718484,0.3987959794648938,0.3870964095009797,0.5257984431618612,0.4982590834707526,0.3757034939735486,0.2668501754423533,0.2155017856383201
0.2150067258771072,0.2216494402617427,0.3692275464456073,0.2307634570324858,0.3871630465151545,0.4181751225482981,0.5411856438835697,0.4988466619337832,0.4262732282033201,0.271231887772079,0.2236890015663834
0.2004223271199157,0.2302994411009533,0.3665776110218956,0.2284646004761813,0.3821313518541958,0.4199764259132706,0.5394697731215486,0.5076209719088587,0.4382965030630569,0.3005330347563613,0.2291440927041373
0.2046016304657127,0.2207970616659683,0.3538545461155452,0.2171877129432784,0.3710004496159997,0.4494849394966843,0.5478638438481656,0.5196754765440887,0.398139066808017,0.2342324551690404,0.2420699457801826
0.2089270740075916,0.2345268223230185,0.3606023768242186,0.1859873665687247,0.3904001659382698,0.4365653156797206,0.5586434603298887,0.4888011082143607,0.4136034056050132,0.2662102076328734,0.2446329454412783
0.2161238667426861,0.2409019154916312,0.3703350109967095,0.1933260004829783,0.3954164763020927,0.4285101988415767,0.512143625464346,0.4897830232614498,0.4182750087465231,0.2798378941681552,0.2411457467020532
0.2075063749225904,0.2566343307660234,0.3523408731501941,0.2040509635659627,0.3991847241182147,0.4470777373715206,0.5275498724997965,0.5021344301550876,0.4184220164595242,0.2620838397862944,0.2616010002925368
0.1917518935864633,0.2531591125229661,0.355324308262731,0.2098647885497893,0.3907479260457348,0.4771066419748214,0.4947027828323946,0.5327555786576214,0.423912074355565,0.2729163802372042,0.2255410387183714
0.2048521649694795,0.2779063067626127,0.3516506744032854,0.209048813571162,0.4085861827781473,0.4643452214071452,0.5008305077922071,0.5096322759039,0.3909106000689476,0.2890120017337403,0.2381657207863388
0.1921378129915368,0.2740627024125306,0.3237031834449984,0.2054206465688312,0.4206797691097814,0.4307314954390027,0.519248412378293,0.5118566376740137,0.3445513671396282,0.2919545400464673,0.2321164485016539
0.1899156112885981,0.2553837385280657,0.3282259457634405,0.191507946929745,0.4341187229344518,0.3150831927618019,0.5226385657266688,0.5011144932672882,0.2436737251334144,0.2675721643455984,0.2350900230154549
0.1929799015611121,0.2153161468149465,0.2422471891332028,0.21145886122238,0.4733115056848846,0.2481473074691464,0.5180256684671387,0.5382797789646618,0.3932816583008816,0.2827208605468008,0.2045271191892884
0.1690422175476721,0.1907732164451968,0.2432973296001792,0.2367118057468149,0.4834688908224953,0.2728994132478102,0.5327848432498117,0.5384093559165191,0.4284793673351476,0.2851438109235186,0.2152254832419983
0.168607981933773,0.2186337774675976,0.2761708158261859,0.2325073007118039,0.5067399791264393,0.3062704938676586,0.5349476924126306,0.5494835762280902,0.4536726769520309,0.3051644184696561,0.2312024428692169
0.1195149811999474,0.1804435938973345,0.2169198924507888,0.2551830852781075,0.4477754777332305,0.2738947146451071,0.5010418260184715,0.5317337359387037,0.4412807966934941,0.2522714069218313,0.2167028886121686
0.1325583660878275,0.1822696346554256,0.2208563427613448,0.2780452436235763,0.3772703310254153,0.2740115301978748,0.4859271034601114,0.535213087991139,0.4627815461362761,0.2738074520141824,0.2256930022544039
0.1330362506338257,0.1633966718464316,0.2187322746162327,0.2793779271531299,0.3801937352596227,0.3747413278578654,0.4927173339605279,0.5390143669083332,0.350197958087385,0.2936812178035835,0.2438081184221553
0.1163246357033223,0.153119761349586,0.2065973867066014,0.3186480291360561,0.4405552308745225,0.4114855942569556,0.4964619180409685,0.4878076337790469,0.3942820682582473,0.2877369660817819,0.2443531364615978
0.1171359112852556,0.1414943911008453,0.2190521522853792,0.2402546195824763,0.4497232320532852,0.4343018913880205,0.456648446918182,0.5131058003737461,0.4044610175297489,0.3091599850463603,0.2638829114871841
0.1263755906489297,0.1397686844900264,0.2350980333101859,0.2244893618065567,0.4608977862904602,0.4519350333746287,0.4125810658893391,0.5180421614682362,0.4393091299277362,0.2860328956485591,0.2348509879056599
0.1358619622985977,0.1366809589661879,0.2548900037790519,0.2307088729919731,0.4638074595243506,0.4664486543082508,0.4533402306458307,0.5196337987557975,0.4093409977935381,0.2898399769604618,0.2614481648884813
0.1458436553502222,0.1405136682319824,0.2586357758897053,0.2521728703675213,0.4349901481065676,0.2543427188124183,0.4576689596610568,0.3422051369443,0.3215732866505717,0.3188408646704546,0.220582060697863
0.1533312547457564,0.1753966300002063,0.2778797759532421,0.2923505065633355,0.4482033745376936,0.3579112831240003,0.4960878276030961,0.4558312019951051,0.3904498129780237,0.3774411374469825,0.2330426468819073
0.0925734096511748,0.1764500153959291,0.3212101470582877,0.2836939917557632,0.3726764144543795,0.4142853264410418,0.4842054536965181,0.5041120070224874,0.3987794291241324,0.3569516503896765,0.2641995617560038
0.1097028327185462,0.1662150477117732,0.3421539402706804,0.2898462428605202,0.4064739460750709,0.4342330439785321,0.4376861683979521,0.506717132214149,0.3574649768745641,0.2957629020884196,0.2644266109006082
0.1431660429361996,0.1665978070052008,0.3757391967564612,0.2365234987025842,0.4352318976069862,0.4478642636812442,0.4458417547931288,0.4869523065247133,0.3741170195472429,0.311228553513953,0.230389659337018
0.1568589523567822,0.1514273536708937,0.3671305088706242,0.2120491570932354,0.4847262177622142,0.3980424428386011,0.4435471831821064,0.4146806818925241,0.4409717342516971,0.2713957091835234,0.2389898705482159
0.1585635041640218,0.150126874309503,0.3538986358664565,0.2195809338542604,0.489075842078837,0.2654583831922636,0.4496879977999182,0.3962461211806755,0.4175679314747178,0.2838479760502526,0.2647408882993196
0.1681020951952066,0.1666243581568608,0.3463436553931694,0.2658949875018885,0.4967174484527944,0.3296353978528944,0.4814855702455391,0.420139865153294,0.3959777678752691,0.2977177142523867,0.2769645707202078
0.1777902468247461,0.1667759166669984,0.3005809736988184,0.283640732596997,0.4566969107204983,0.3676362622880716,0.5118061467022119,0.4308273368451465,0.4171939449261443,0.3073255783152502,0.3021037995044001
0.1683763815996126,0.1762230439829685,0.3113289690911174,0.2840419084955208,0.4642151192152532,0.4101764047261745,0.5180171348646828,0.5028401375107594,0.4452560506864323,0.3279576206067531,0.2427791860322429
0.1252620155717387,0.1785585113886698,0.2445513851904724,0.279163696096383,0.458515560646236,0.4426453323002284,0.5242601963138878,0.526823864340741,0.4147925252447807,0.2757330985634625,0.2150969076532521
0.1367937700920681,0.1783970909942115,0.2448242959874564,0.2944400108816026,0.4743892719359519,0.2235925684761321,0.5205511717544822,0.3873785714424802,0.380471792948236,0.2715069177684804,0.2656445662220595
0.1388450608265061,0.1800819162142766,0.2397376818609581,0.2751893217923206,0.4854252241260677,0.331836577727457,0.5217961445510125,0.4754387416008254,0.4025136684083832,0.3084340129482636,0.2898146880923089
0.1413791767581982,0.1723836221534848,0.2580691325979591,0.2537544900476735,0.4886925158883005,0.3971545659892073,0.530681054204696,0.5081193254709896,0.4177244600843678,0.3296965288087622,0.2571693331232384
0.1431376829303307,0.1653452253539767,0.2683805216202468,0.2398093305458074,0.4626049200461449,0.4253387369197917,0.4894404422449986,0.5196346619251551,0.3658901920294639,0.3381007761736829,0.2733808386941455
0.1464920956258213,0.1520116078822264,0.2828863939121917,0.2748436077527343,0.443485701140663,0.4439858560629937,0.4943619761993584,0.5038379089751192,0.3728553509903404,0.3146284598094007,0.2958588142486841
0.1300339737524371,0.1440668905926388,0.2946546623148982,0.2698682882201863,0.4383725386661485,0.1953476222432998,0.4027051772700089,0.5223875951375911,0.3718353916194649,0.3129899774560588,0.3074583235699039
0.1396253555942722,0.1385951075253874,0.319157878962865,0.2217043361026085,0.447567977953385,0.3382114723153198,0.444823585161976,0.5208464855274997,0.3838442543486233,0.2956381508569807,0.2759513395719896
0.1438527649118799,0.1396965436626742,0.3296035200890856,0.196988839522315,0.4519424859578145,0.4112534732248821,0.481056998030044,0.5080539215458382,0.3686654887853002,0.2997674316808697,0.2916495871493004
0.1486613118850768,0.1410432712227601,0.3148971224402321,0.1584725541607601,0.4573634167026188,0.4436169719856575,0.5139154101770494,0.5072227986493762,0.3864341228037439,0.2977188993798789,0.3093434085917111
0.1494104984238065,0.1453897655693694,0.3125237465161817,0.1601236599747502,0.4340995291436614,0.461950042738225,0.4654500021748299,0.5289900021291063,0.3985787183716041,0.3330632792050143,0.2819202359602625
0.1649902582268873,0.1722487097941404,0.3004809519962032,0.2051457393147203,0.4857480632195857,0.2623139341365353,0.4768441884320848,0.5198886856746859,0.4501614897689988,0.2751648686324227,0.2936099386350363
0.1742579535618049,0.179620726074593,0.3032937620719198,0.2439479191653707,0.4912867539314587,0.2082113878617129,0.4955632801100182,0.3441628167419436,0.325092920350745,0.300839096157949,0.2937885081162154
0.1894527754326279,0.1920066110359059,0.3061788452063295,0.2613256995696065,0.5028900963393166,0.2351565283376185,0.4784496243854821,0.3426864356966658,0.3465821841635049,0.2928772657664397,0.2840106925983948
0.1950368213268848,0.1647767206316999,0.3064206424227156,0.2723000258691038,0.5283854070865324,0.2717423097011431,0.3894380782980404,0.4354305721445576,0.4140345866038755,0.3125915681514625,0.2720922800626792
0.1973867355976483,0.1685679136374885,0.3115767808405228,0.2966497582064004,0.5398822186282038,0.2613937703272317,0.4198148676435426,0.3924178089253041,0.4422258209737074,0.2605027758310144,0.2816990860428732
0.19020030860886,0.1467946917150422,0.3104317549716872,0.2639045231857995,0.5178001362530876,0.2628757600291663,0.4330303351658143,0.4211372101426945,0.4803336121141781,0.2617709554462851,0.2349690615338871
0.1848079998226115,0.1496503596917522,0.2970295074931088,0.2754479932850636,0.4875741427966935,0.2416672306190338,0.3893337323593526,0.4194966407266159,0.4759352985725189,0.2470669338345847,0.2627308395464584
0.1821543963013223,0.1617560418167567,0.3006237955489785,0.2810447950311339,0.4956107425849859,0.2619930792594285,0.4095858078373495,0.4312486231729998,0.4481565284425792,0.2669852070540291,0.2843082005536286
0.1726783706027648,0.1667771839568554,0.3204138480485453,0.2749866702440883,0.5289759535908144,0.3713098983580029,0.4527410330209715,0.4808570331413541,0.4470660586519369,0.2974074880946505,0.292861530259603
0.1261592587234574,0.1883729797687436,0.3096908427988475,0.1393903026417416,0.4594332656717197,0.239693890950046,0.4716048923683525,0.5110746956852777,0.469101310512735,0.3027499405072791,0.2769025591527339
0.1191358546570584,0.1963588404232305,0.3001465697987933,0.2045496877359109,0.450377578278163,0.2053211892278874,0.4873256424594581,0.4966300871882398,0.4721066738875554,0.3149491509035323,0.2732342781198539
0.1243186167832035,0.2226096584790451,0.3002345144014754,0.1824910962609309,0.4525770278467442,0.1996386551301181,0.5024356216458951,0.5065257831409425,0.4508279720367773,0.3096726653948857,0.2767344825338528
0.1210480713240609,0.2299593929411431,0.2951890859981172,0.1904699525861863,0.4525503630952215,0.2050011732163659,0.5256245282135728,0.5018749317484209,0.4419078531482909,0.2707632965215411,0.2787806595187944
0.1226324260443599,0.2363945757606137,0.2972482345827121,0.1984017652817598,0.4313080816011113,0.175625818850438,0.5293905461994763,0.4320350604699167,0.4636018867486993,0.2703621621390667,0.2482777868941304
0.1112621209136913,0.2408289959427332,0.3055456671124485,0.1741993749523802,0.4209288353120811,0.1881010245487976,0.4652710494418007,0.437698657424074,0.4599988611492536,0.2321481961151581,0.2634862834793259
0.1145429972516628,0.2446814486095711,0.3089116770200456,0.1646675995902866,0.4239559920967091,0.1984785571186732,0.4888091995557706,0.4520512499049002,0.394268550362469,0.2650321548732817,0.2648295699431124
0.1183751551584862,0.237987131355886,0.3112319354399758,0.1928213062918747,0.4433855226769685,0.2090463312285778,0.5016404381249795,0.4544857450237227,0.4192498683389181,0.2727264827911649,0.1767698366457877
0.1101609407826574,0.2214236764690596,0.3132498004290008,0.1104835387040561,0.446108436874811,0.2534879829431234,0.496946476524186,0.3855139496540343,0.4213374962711618,0.2226677792996914,0.2036201383601038
0.1140448036026312,0.2077702492918776,0.3298077342314993,0.1203321111211922,0.4543302240438132,0.2999652760597763,0.4596389500234056,0.4131300126388026,0.4310512069448112,0.2637400616083892,0.2174534350688476
0.1143189863690471,0.201902819773712,0.3208245245767716,0.1480814420890448,0.4603958317801436,0.3328538710219381,0.4453720718096997,0.4185416400417958,0.4504660774576882,0.2900858289896272,0.2112418549339262
0.1041110036883637,0.2036279651716635,0.3317170452736478,0.1080185326515549,0.396382623748735,0.2781015721137273,0.4817125970527029,0.4491809853178948,0.4622011552137061,0.2964945536858632,0.2406115793796831
0.106689895028496,0.2098999050721949,0.3195236923927194,0.1270108954174464,0.4126718169082667,0.3021971924810982,0.4736298620293774,0.48062420077295,0.4687052073183609,0.29385393144872,0.2227216454003129
0.1127657843064914,0.2024548855208064,0.3203473255507232,0.1425266593979842,0.4155344873119997,0.3193989402040325,0.4903234300830682,0.4667534519087513,0.5054019740239455,0.2341871088362399,0.2363506790203327
0.1108509667961718,0.2090826991586141,0.3272308583574433,0.1563071120161029,0.3995194231316487,0.3243312874874479,0.5165246123403175,0.4374617093251416,0.4211929418187456,0.2231774131382724,0.2527674999335817
0.0711328879976393,0.1762370057119004,0.2878796761734509,0.2418141826619088,0.3823666796687341,0.370125170658069,0.4911272641567067,0.4668834234218915,0.4325966053884511,0.2757805447823477,0.2802594295033713
0.1040464459042633,0.1964007643107683,0.1758544966570583,0.2980851006102114,0.3864110940894928,0.3982354888223635,0.5195485620003087,0.4794621979742709,0.4444370198557072,0.2327552099912954,0.2959263066050159
0.1331402368276981,0.2153990683079402,0.2437558514326126,0.294423658760424,0.4048782847990653,0.4123465393183926,0.4489932596230815,0.4865266636449066,0.4761043662058619,0.2552594363117722,0.2013153097123335
0.155089490251239,0.2250227740842811,0.2883228567613408,0.3018274758249092,0.3542747909654024,0.4168152527733836,0.4597978209920604,0.5028070967009175,0.4970065205234836,0.2694373807084151,0.2236855865737451
0.1661009635178943,0.225967067392543,0.3135094277439531,0.2726358566898898,0.3822412703442737,0.2844781832254009,0.4771836730335291,0.4583825737951563,0.5026969627607876,0.2374697670722387,0.2346731807968442
0.1697592780215282,0.2313188287072942,0.3382558668438709,0.2212629145512487,0.4056091375077136,0.3465927373497468,0.4375645514920778,0.4373137854970002,0.4831872179073845,0.2569978493791515,0.2380390028922898
0.1666315119713238,0.2204495020324704,0.3412286995150235,0.1867903546133698,0.4361692465486244,0.3868534230685107,0.443158194555365,0.434074162651272,0.4985045238846545,0.2064657228196509,0.1783558639134746
0.1680489798968004,0.22725447645309,0.2951738726150749,0.1690776394146627,0.469180452141227,0.3989748258223878,0.4459709480281414,0.4631769206786291,0.4987810905831036,0.2061531122273314,0.2070106162844371
0.1580988239659715,0.2067005845295851,0.2746002157961641,0.154985295140918,0.4728949109470329,0.3831453950541394,0.4703923820797913,0.440473102566092,0.462019144544719,0.2045275473001922,0.2371806622667312
0.0904393528774486,0.1311412991449576,0.2830132554370039,0.1172578589543803,0.3623314529821878,0.2707849006431632,0.4767178200376291,0.4693976084470394,0.4901828290146178,0.2524465294106928,0.2461665023557221
0.0918163123431872,0.1156773743418089,0.2886773378439984,0.1562476567356595,0.3921548978456223,0.277701949137861,0.4963135503871705,0.474935780469551,0.511907722468187,0.3135760167800796,0.2484059968134692
0.1209803246763656,0.1429409026290685,0.3600196546034129,0.2902174774839702,0.3591759890610622,0.1972562346441371,0.4083191687063782,0.460415458330248,0.4292887950143332,0.2802641954070082,0.2937603841557102
0.1182541167225526,0.1943759604746788,0.4066371466107649,0.2942868863717508,0.4461016876569714,0.3223927431957747,0.3869870173787819,0.4626306352176563,0.4369943320414223,0.2700712074810307,0.2655919989902265
0.1258843915479486,0.2199068897750341,0.4265467491581733,0.3065398163831045,0.4805217495409778,0.3750470750928933,0.4322595982365932,0.5337903679615887,0.4768556763132514,0.272030222592432,0.2302852118610359
0.1190886666883007,0.2125864173352103,0.4524819370152064,0.2503578906920772,0.4599238928024161,0.392184701554034,0.4771635930221172,0.561421980304093,0.5052842926261207,0.2747029616515614,0.2581059188885418
0.1037473331008767,0.1975890940435558,0.4443670676776157,0.2442932540258238,0.468475340077419,0.4004127920398135,0.458315690876847,0.5172913762470442,0.5045623564999571,0.2855109176785385,0.225900339401899
0.0870576608906734,0.202510398911962,0.407236274840276,0.163527447694316,0.4680245891096449,0.4148998481219486,0.5038253269375884,0.5229377714353742,0.4807256156662353,0.1899828165798779,0.2377502068167679
0.0856429134822682,0.204865045022871,0.4162742295845468,0.1695588141410142,0.4366440666578297,0.4149576995818473,0.4880354004914228,0.4940080423249996,0.5008887693472261,0.2365118858295028,0.227574815572557
0.0678851135946395,0.207938197715503,0.3902215337586294,0.1651998965130426,0.4406389587874619,0.4179741125397753,0.4589648787268178,0.5234841504022787,0.4981160482773826,0.2937877588942088,0.2769719952440016
0.065859074109077,0.2100887890535048,0.3218138190427451,0.1307350506995969,0.4472455003751409,0.3039101153577159,0.4850281751642717,0.5001693590164153,0.487051628547044,0.2798589517252525,0.1786754901125865
0.0687726923085589,0.2081273120015407,0.3268891069728707,0.1832661532841006,0.3927292428861964,0.3055549568216794,0.4938586421464012,0.5120341205530383,0.5063941622255057,0.2586994495258526,0.1816910427428878
0.0681396448503709,0.203992292471487,0.3054611259806906,0.2136325042279209,0.436935848708097,0.2358258616841838,0.4544203596946767,0.4956497578081735,0.5119615562888016,0.2233526680070024,0.1797909920868897
0.0707895895756383,0.2054846312900866,0.3121941941415206,0.2153434821425304,0.4484156884872486,0.2300145611705329,0.4914496377312623,0.4968496504461082,0.4427421592532174,0.2384252214136922,0.1562737164957593
0.0540399947788614,0.2055507290061832,0.3396501600684754,0.1554818717895889,0.4623158264768779,0.2426359443784024,0.482689815557378,0.5114134163898902,0.4503424182025319,0.2721707969939453,0.1830816928769147
0.0576932320939012,0.2168360752035518,0.3516450879021887,0.1676909291860052,0.4638740614891897,0.2486848847669329,0.453039535784702,0.5168375472637986,0.4058826936942944,0.2793451912435359,0.1877024408971022
0.0629101758959241,0.2357633835379682,0.3411554788926986,0.2268763547659662,0.4246417587334758,0.2279388085608133,0.4539437799936032,0.5388496070104645,0.3733539759141572,0.2957562408389803,0.1724382738823696
0.0776555212848349,0.2561077789197261,0.2563948962017631,0.2204614291222613,0.4491096028195335,0.2684974072357848,0.4608151602695168,0.4920366595286674,0.3911253268166843,0.2851697071470975,0.1483653533437061
0.086943179775059,0.2797057060146696,0.1901419601329659,0.2087311398389373,0.3458908511890001,0.2178883311814148,0.423064177263633,0.4972115472557686,0.4175416524897681,0.2760690425308947,0.1509868821464024
0.0843869180709432,0.2886580079029424,0.1725678405527846,0.2269759646498775,0.3829639806622178,0.2186991504619234,0.3967608029576527,0.4882533030189834,0.4186749174940256,0.2679779762954017,0.1570287859335652
0.0934323374558185,0.2771884576647609,0.1700212672407238,0.2032247924007066,0.4128991241101686,0.2372255510585828,0.3708913774889208,0.4912823939285621,0.4355006061009353,0.2236793627356125,0.2012436417379
0.0795590540893094,0.2655597209502212,0.1784561516664634,0.1395603688612193,0.4269290160134708,0.2696915483783521,0.3901027499898777,0.511444736999574,0.4120917433794224,0.2551246061712242,0.1505659918700742
0.0782919006187371,0.2403836894669233,0.1753134862916363,0.1219820282694161,0.4622129869310909,0.3015551221660508,0.3957518258196154,0.5194396927484413,0.3861422145382056,0.2651641914410359,0.1822078629280738
0.0580515671280458,0.1819620529189771,0.1881613024154732,0.125331850898594,0.2910760759873925,0.2538578102807666,0.4193286674490514,0.443657680443116,0.4265347375083628,0.2897718451239489,0.1990089302884566
0.0627962135648941,0.1553506847778615,0.1886075509323714,0.1422999402115984,0.3210352321891742,0.2238767545846652,0.4041010676801831,0.4718431809458925,0.4400858852156183,0.2611054401280478,0.1420149816740455
0.0529680573268275,0.1294690760866654,0.1600827496520849,0.1505208064215318,0.3850913307060111,0.2543741084616727,0.3735510545098967,0.4494979427420723,0.4465583214154448,0.213344579227344,0.1712530332146777
0.0370612754046402,0.1027376397153156,0.1650708296878868,0.0889765974488852,0.2950758174497555,0.242599113435243,0.3951669594703196,0.4814286246887979,0.4507964144605483,0.2083695844131068,0.1697125273369881
0.0268194718687757,0.1030500592851315,0.145502135590942,0.0961599750507269,0.3094397547035644,0.2300553657010965,0.3916623574893259,0.5084035730314455,0.4844092284523209,0.2587995647196777,0.1846055283901396
0.0225580047113372,0.0940922350543772,0.141050064217159,0.0985491583540255,0.3181478100609505,0.2109401517974883,0.4108688707472879,0.531183631109813,0.46007698964801,0.2790993995533383,0.1638760833744253
0.0236570659347026,0.0877344563516067,0.1370291147508217,0.0709234654237015,0.2938677562497132,0.2008481410616647,0.4349581421312153,0.5367838349240359,0.4514005514260708,0.2645405762589132,0.147436223706825
0.0073771482998156,0.0677663140271262,0.0874949934340252,0.0750091597413585,0.2485882885814188,0.1785982392910592,0.3941740176241918,0.4137774303382924,0.4175933883319805,0.3317990058567096,0.1684201260232715
0.0152752442838523,0.0600294908147708,0.0855536595851744,0.0919911389884084,0.2185501348300332,0.1624556405226593,0.3862933110636885,0.39305194465893,0.4334892718938895,0.3653136818594521,0.1449872549800639
0.0184974315353783,0.041826774083877,0.0932738273320333,0.0886643464602729,0.2457819725843401,0.1746496004911603,0.3892619894049355,0.3947429762775331,0.4392020733004465,0.2618020430083189,0.0990775952747561
0.021315286357894,0.0432293952904705,0.1430200085280672,0.1533109068627244,0.2873299975081863,0.1777374407966988,0.3656051922607943,0.3804029298474837,0.4156040016682827,0.2781057833401884,0.1304844130126985
0.0246681603771233,0.0460531651750672,0.2167058878961263,0.1733829528949787,0.2896268364041805,0.194419937311722,0.3756776342056931,0.412810944611685,0.3831191956655049,0.2611122763531743,0.10613179752203
0.0449934849831477,0.0476027514799462,0.2187656083320202,0.225395839441455,0.3253618842142895,0.3075215996874056,0.4359354093219587,0.4728469840940982,0.4161239423439514,0.2874494317184748,0.1709839892427728
0.0486738537538734,0.04790437730602,0.1924376303290283,0.1879899689436893,0.3339085563869056,0.2603235983002729,0.3795574026192128,0.3678878553691589,0.4506562253324719,0.2596019010193168,0.2014417524212125
0.0727527236069718,0.0511970216823038,0.1701965265733868,0.1970307007747979,0.3587807369126709,0.3183102752710143,0.418866385313718,0.4501585890746354,0.4334928265304087,0.2144626546856878,0.2314625090152501
0.0973061247686351,0.0612285264332061,0.1836863343204833,0.136789370554686,0.2612840124475138,0.360069943119319,0.4207489451926794,0.4173411532387471,0.4302964407490318,0.2533491789563917,0.2223595160116579
0.1017978819945754,0.0764111678968471,0.1964071332716649,0.2041859840264964,0.2914648416513317,0.3673303505852675,0.3662212706872446,0.4491913391572165,0.4414818196440356,0.2917193634046645,0.2305410981664874
0.1005085851073392,0.092323193606564,0.2145684207810295,0.2410294458596378,0.2974979278563631,0.3049394454384145,0.2985540988725728,0.4554299250668554,0.4025639032889491,0.262470190854536,0.1619120215354209
0.1096019380426563,0.1013827710192593,0.2380961068814779,0.2526342800901506,0.2773124914719465,0.3344414942423251,0.3061220399670649,0.466488161565713,0.4036686913752022,0.3205025228208207,0.1871511991599521
0.1094086213007701,0.1183289949557124,0.2675041958171313,0.1650351587339014,0.2667263041171023,0.3101701763701779,0.2986948257139536,0.4909639986308942,0.3985955807966406,0.2505829530628025,0.1655322789361586
0.099807334998365,0.0654217073394219,0.2888784184906952,0.1747875631007416,0.3511769042159308,0.3342332215234078,0.3271251797241225,0.4898465704629615,0.428392502237241,0.2218959034392166,0.2365640581577757
0.1010288411039209,0.0706552907557875,0.2173049531135981,0.1584205633741248,0.3675730660214875,0.1424316315565388,0.3738340274973089,0.4915838886763107,0.4448292868905843,0.2803840164142739,0.2277711577232807
0.0717060882470608,0.078205180596854,0.1176365200670006,0.2354166785919242,0.3939489973591629,0.1457934267538835,0.3630196263453971,0.4838722740613275,0.4562389475788521,0.3076935342525877,0.248784796133166
0.0937103761939938,0.0842214527715087,0.2136158806900814,0.2196784546944051,0.3905582355273764,0.2786591075498879,0.3761362060058175,0.4627802549220325,0.4052756717413875,0.3067212598616235,0.2826605992367965
0.110256987880549,0.0885841225320389,0.290971743644375,0.1873985425326872,0.4325555094633272,0.3140040862266477,0.3481292378220736,0.4871193043184325,0.4346958253789375,0.3036104556048736,0.2576927095826892
0.1090620695536061,0.0810602993837728,0.2823864092534952,0.2164701258209029,0.4499601973325513,0.3469051087436817,0.3819602171142227,0.4228223774095721,0.3888430685596653,0.2135185031630016,0.2791549471508208
